max_contrast: 0.970465486926029
max_contrast_wavelength: 0.45835051546391753
