crosstalk_r_g: 0.15181182179966668
crosstalk_r_b: 0.11818495266063656
crosstalk_g_b: 0.10059591987392567
crosstalk_g_r: 0.27107649548707036
crosstalk_b_r: 0.1447674876515325
crosstalk_b_g: 0.1040674889264718
crosstalk_avg: 0.1484173610665506
