4.532739003089679142e-01
4.397931568343965147e-01
4.443334471435203548e-01
4.064970328263274313e-01
3.236595041912653792e-01
2.422263167409390849e-01
2.024147067944145617e-01
1.970305111883511040e-01
1.846127933405617705e-01
1.403782173533342781e-01
9.130363603957028507e-02
9.813734801373183436e-02
1.988982949851515747e-01
3.657775772456579033e-01
5.163012108075845097e-01
5.715765218828727789e-01
5.134141915973770010e-01
3.938187390813043254e-01
2.914306069907990349e-01
2.529313360223637841e-01
2.665389217497547425e-01
2.844801469994705512e-01
2.700879428867576371e-01
2.280199360652728491e-01
1.948284731242052314e-01
2.025650428859080698e-01
2.491606618127691630e-01
3.000705514085150738e-01
3.170616882606819842e-01
2.879078530544308401e-01
2.327607791483339017e-01
1.847281596122546110e-01
1.634554081476829457e-01
1.637735762010979479e-01
1.662137383506983590e-01
1.572948262644835449e-01
1.410715319692762149e-01
1.332550686184212352e-01
1.450859093342750650e-01
1.720543573196087472e-01
1.968703586818860707e-01
2.031403195009554852e-01
1.876338450698414873e-01
1.613960563250245728e-01
1.400077533163421317e-01
1.318577987225417192e-01
1.336373838719468743e-01
1.352743864684008701e-01
1.288869587084296997e-01
1.142310021256497804e-01
9.727033182507330289e-02
8.447880955007219805e-02
7.819030714732684573e-02
7.625638400184925336e-02
7.512011593160912437e-02
7.298402706246220895e-02
7.060455847867168344e-02
6.985743435720527528e-02
7.194029919411372431e-02
7.668956192987835818e-02
8.295577029305360728e-02
8.908550618309696301e-02
9.301648419428101833e-02
9.244945896746631364e-02
8.572573350112396018e-02
7.314855028259513448e-02
5.756457619866617303e-02
4.324693509084630988e-02
3.351668800292997158e-02
2.884214486979572167e-02
2.701888234039899472e-02
2.538873928430761956e-02
2.328515193980819006e-02
2.260617559914751204e-02
2.596223733047754723e-02
3.393437151183695266e-02
4.380100553787728834e-02
5.091730973852447162e-02
5.175593711670433555e-02
4.628449125212645565e-02
3.795057124238890994e-02
3.149489119135444326e-02
3.043742624142412034e-02
3.607729888755874248e-02
4.836590883669408120e-02
6.742959821173051538e-02
9.416709510028341279e-02
1.293863684341244880e-01
1.723274687433178909e-01
2.199082938561705836e-01
2.673052961606444122e-01
3.093263916868627117e-01
3.415339897621056942e-01
3.606001400512339194e-01
3.642888682060843042e-01
3.517941875454619893e-01
3.245700965416975503e-01
2.868855873489625230e-01
2.451067067995713611e-01
2.055403290533001914e-01
1.719408502714826203e-01
1.443481604754298375e-01
1.201693228020411092e-01
9.682583504881250858e-02
7.410467555119902572e-02
5.454341930436488323e-02
4.162924741527669614e-02
3.718253590289578858e-02
3.982222628038614015e-02
4.553307734168198645e-02
4.982125114339559790e-02
4.993269240883888016e-02
4.578404373959989171e-02
3.931937715076797013e-02
3.304795331204769121e-02
2.880536489160512650e-02
2.729083462909860994e-02
2.823911546091687277e-02
3.077409831436691071e-02
3.367926635841013427e-02
3.565660666101040654e-02
3.572791463718153621e-02
3.370137207137552382e-02
3.037995877675236239e-02
2.724478843929265676e-02
2.571003126970233116e-02
2.639926946256394499e-02
2.890657603754464081e-02
3.215429898877350534e-02
3.504322456429694033e-02
3.695021589279297303e-02
3.783727589131072322e-02
3.805926131299825627e-02
3.810058083408860569e-02
3.836494668311880851e-02
3.898400735219820223e-02
3.962983578735217866e-02
3.950769593548758563e-02
3.781048087715666722e-02
3.468707058502424473e-02
3.227519129815110271e-02
3.497253175188817786e-02
4.829169515764232534e-02
7.642257421402379181e-02
1.195753536261029149e-01
1.726459736628790653e-01
2.263302575560862118e-01
2.706536407671517042e-01
2.995752547198112237e-01
3.145463073101157914e-01
3.250572298581480557e-01
3.452904428236495682e-01
3.876554823605158906e-01
4.556367110760636829e-01
5.393097296209716784e-01
6.164103778732358263e-01
6.597294573632890291e-01
6.484660999422109384e-01
5.785111788823491530e-01
4.662093820206796857e-01
3.428150075407873643e-01
2.416379804097289197e-01
1.841556349305399631e-01
1.723548349375373934e-01
1.912482055487470523e-01
2.196262962668460161e-01
2.423072416599560686e-01
2.565937904629294608e-01
2.697679720684798554e-01
2.904729522542215947e-01
3.206277875731227134e-01
3.535387199124964130e-01
3.789775724926679468e-01
3.908515863168020577e-01
3.914352313931810934e-01
3.890400987017461065e-01
3.911137327524520368e-01
3.981597496114727130e-01
4.030653432840775596e-01
3.961867222378986364e-01
3.722257098368755290e-01
3.337989898312714310e-01
2.893477144434531967e-01
2.473631762604961148e-01
2.114406207172241647e-01
1.796220488723279940e-01
1.479244761026923538e-01
1.148038176232331758e-01
8.296060947589344037e-02
5.736619813297295228e-02
4.148510432460958408e-02
3.489228141973521602e-02
3.403589377098314994e-02
3.518448427582360899e-02
3.692779774836423001e-02
4.024105407744050372e-02
4.635195259913500732e-02
5.449876644222142325e-02
6.162890751112321680e-02
6.432268749847223910e-02
6.131614056238775951e-02
5.453269307390598564e-02
4.780862913385035273e-02
4.435823830040718646e-02
4.492792367063343922e-02
4.789288161094198970e-02
5.095696574255853539e-02
5.297199777028403084e-02
5.453142899739955168e-02
5.712582443780798297e-02
6.174195759962364943e-02
6.800910751736916060e-02
7.435407088842545253e-02
7.881623343655151659e-02
7.986815843554781469e-02
7.686783029629951081e-02
7.018677828714865730e-02
6.117026998220798095e-02
5.189456745673123178e-02
4.456488943473463360e-02
4.062099757746399226e-02
4.001646137747660176e-02
4.125053666063999147e-02
4.230215439662809995e-02
4.192378932288397947e-02
4.040835402544663141e-02
3.930726606430434700e-02
4.038152977652559317e-02
4.461550857332328979e-02
5.193814413286478721e-02
6.158468048743265255e-02
7.249986864796610642e-02
8.335116007250743808e-02
9.238646797841794378e-02
9.778143141983650088e-02
9.872426332656793202e-02
9.655771231041690439e-02
9.477552416427403870e-02
9.727385088475595798e-02
1.056905267677738097e-01
1.177235428849122550e-01
1.279221998791560677e-01
1.306940247826200163e-01
1.235286686560561203e-01
1.082141838235069903e-01
8.939562577828165379e-02
7.190000554941647359e-02
5.902020671209097513e-02
5.273807875385166238e-02
5.482092242903068013e-02
6.683622166667095577e-02
8.836889642179401871e-02
1.150089777833740862e-01
1.387231712581728504e-01
1.516705295267758991e-01
1.514015728279560491e-01
1.434488127103248079e-01
1.386480676320043515e-01
1.464526534540002145e-01
1.688743765779275596e-01
1.994997450558592400e-01
2.281657209272561493e-01
2.474588672712707549e-01
2.560116474495223171e-01
2.566798589720930002e-01
2.523267667470853737e-01
2.438543824804497162e-01
2.324567302204820496e-01
2.232779861612184669e-01
2.254568333153374460e-01
2.465134028094409235e-01
2.848793570500965378e-01
3.275675084946900739e-01
3.567948865502198474e-01
3.617646868349812528e-01
3.463407038650649916e-01
3.255571848722103590e-01
3.129152703496608234e-01
3.088616583071297494e-01
3.008956019530425463e-01
2.763081282374755809e-01
2.370927319705062597e-01
2.032777050424470766e-01
1.997405828733418987e-01
2.358732178730638673e-01
2.950213666590151829e-01
3.440072036945251432e-01
3.567819706381498701e-01
3.338147451020872514e-01
3.013263935435322449e-01
2.906442233167129685e-01
3.144187725124072408e-01
3.589396886428309341e-01
3.978189434892239196e-01
4.139479779642993296e-01
4.102364120717005846e-01
4.010778967562845243e-01
3.952403082948061086e-01
3.890680065492539419e-01
3.779109631099281663e-01
