1.105258926405318087e+00
9.261530196246169355e-01
8.397364757786380807e-01
9.017311487135629688e-01
1.062391301616264050e+00
1.207787837910331286e+00
1.243239295776329412e+00
1.154572505623267631e+00
1.005945305135280465e+00
8.836440306596738958e-01
8.332450046640188512e-01
8.363263385492332169e-01
8.379709126315860734e-01
7.973679254325355403e-01
7.201952696066556969e-01
6.503056413130802182e-01
6.317286128776107290e-01
6.733934537309044233e-01
7.435355605197452311e-01
7.954545446024454680e-01
8.022968878685542427e-01
7.738160356318636302e-01
7.442518613926094595e-01
7.432942247027201077e-01
7.736892139575399785e-01
8.117507530116090386e-01
8.281679127544865349e-01
8.113910305732907613e-01
7.755857978457707524e-01
7.484927119273147023e-01
7.501510115359298903e-01
7.793052739741953561e-01
8.168758435729573941e-01
8.420267207584354319e-01
8.472573731431970456e-01
8.411250501482071540e-01
8.379928270528387291e-01
8.444938416881704324e-01
8.541904067014506330e-01
8.543868160910784715e-01
8.387771958154957019e-01
8.149215138891232613e-01
7.999665245141271974e-01
8.077384620496663725e-01
8.374573365243340728e-01
8.732349505685543800e-01
8.951589896193472562e-01
8.937296363490762063e-01
8.767232273131204678e-01
8.632454493862101730e-01
8.694002184639459951e-01
8.962746409504211975e-01
9.291341583697484419e-01
9.482974860734907363e-01
9.435074416781061846e-01
9.211668285702089287e-01
8.992608724466146786e-01
8.939479452148975103e-01
9.078383852777687224e-01
9.285310640865541698e-01
9.382804894799970929e-01
9.275076330122263846e-01
9.022116197216418776e-01
8.799761071801557311e-01
8.776289523098540490e-01
8.995448080547855385e-01
9.348700911334689723e-01
9.653252989871632384e-01
9.776674128979977452e-01
9.718465204787668510e-01
9.593788051680122164e-01
9.537153515625211853e-01
9.600393820585464422e-01
9.719649334794648876e-01
9.772319534963149756e-01
9.677974109199782848e-01
9.466164258323866987e-01
9.260346269087074145e-01
9.189971619440441275e-01
9.295584000845565908e-01
9.496395550415283049e-01
9.643910032846579883e-01
9.622794751164296390e-01
9.426529170276171099e-01
9.154051439534138801e-01
8.930543512115425298e-01
8.809648325959495985e-01
8.727584754271733303e-01
8.543181718879361286e-01
8.137973770745571267e-01
7.508966745154060929e-01
6.791499395221388680e-01
6.196282519287712454e-01
5.900537881768066484e-01
5.960805974306224719e-01
6.297783161289300935e-01
6.755522186047524524e-01
7.191852877263653632e-01
7.543026731591073730e-01
7.829146039580376915e-01
8.108586551016827570e-01
8.420183659435117596e-01
8.752900833122410074e-01
9.057484860638155277e-01
9.283862284991687419e-01
9.413454483742765833e-01
9.464836034860460989e-01
9.474136891515115844e-01
9.469714510400289997e-01
9.461215418413679856e-01
9.448089388575731107e-01
9.435498921107959847e-01
9.440316333851557218e-01
9.480023988063082108e-01
9.553760940154443215e-01
9.633512206731419392e-01
9.676844191972325815e-01
9.655375679302825587e-01
9.578849925999374237e-01
9.495096123640773822e-01
9.462232112731101541e-01
9.509990135803871869e-01
9.616809779911151823e-01
9.720311765297827700e-01
9.756359371646013967e-01
9.701533822003024499e-01
9.590099246451816439e-01
9.492760482440804060e-01
9.470154851013550257e-01
9.531672122185426144e-01
9.627580042232808388e-01
9.680874948018446391e-01
9.638932903401614682e-01
9.511387572219853759e-01
9.368822126830909092e-01
9.301594448525987158e-01
9.363430432516777202e-01
9.534173422083050964e-01
9.724374089400366072e-01
9.819048930185210189e-01
9.734968476206519172e-01
9.459096521508991717e-01
9.048436153010485095e-01
8.594730064410631698e-01
8.176685962140772812e-01
7.826724489954847153e-01
7.527657874196418408e-01
7.235764354451545977e-01
6.912431706375904428e-01
6.544755520518473757e-01
6.145634954846684872e-01
5.738334307742906093e-01
5.339808387328622841e-01
4.956083533184794110e-01
4.593221403889020116e-01
4.275632744797085438e-01
4.057232621055408828e-01
4.013926662033615589e-01
4.216404050814694937e-01
4.694182643493052254e-01
5.408577812788359918e-01
6.249900778980552740e-01
7.063663163814170032e-01
7.697003027349536008e-01
8.046672433837067651e-01
8.088702267146001823e-01
7.878010730914691839e-01
7.519803940107675500e-01
7.126935467124432266e-01
6.782406715874519376e-01
6.521699451779514600e-01
6.338471821766034076e-01
6.205611297194045806e-01
6.097875213532447658e-01
6.004832489450409039e-01
5.931020019930325349e-01
5.888412436150449736e-01
5.889345895255089225e-01
5.944736990294937629e-01
6.066122242550205934e-01
6.265988155598771758e-01
6.552343316190818445e-01
6.919293172049232332e-01
7.340674305757710627e-01
7.773797751855821003e-01
8.174147935494743278e-01
8.513566147303133214e-01
8.790346888694280381e-01
9.023650571933514719e-01
9.234804556722652213e-01
9.427614345568169352e-01
9.581628542500389978e-01
9.664275673230122710e-01
9.654820380595483531e-01
9.564089862896704153e-01
9.435633352565963028e-01
9.325895726499839888e-01
9.275263088028705694e-01
9.288511380134988338e-01
9.337246998414506782e-01
9.382148712105562449e-01
9.399416203810099235e-01
9.393323835486251383e-01
9.387089929356277063e-01
9.400096042636543192e-01
9.429359372081205226e-01
9.449742457364621595e-01
9.433019058552996050e-01
9.371184982928676410e-01
9.285503383656287246e-01
9.213115777834324227e-01
9.180332084228273182e-01
9.182932328751438611e-01
9.189849870246254993e-01
9.169422163069035348e-01
9.119276755380006927e-01
9.075851314150693572e-01
9.092694112642231152e-01
9.199780279177467435e-01
9.372527539793106266e-01
9.535864611347186770e-01
9.605993474639589191e-01
9.545174328910610573e-01
9.392441055650438964e-01
9.246000082956228328e-01
9.204244354575634723e-01
9.301324312172469799e-01
9.479673522896210347e-01
9.619910960517159548e-01
9.611652277016704549e-01
9.421346397619554391e-01
9.114100971301053455e-01
8.815641006160511717e-01
8.638930589458416742e-01
8.622054182139582412e-01
8.715186670566245075e-01
8.821303928679062878e-01
8.860529522238844713e-01
8.815037167452838274e-01
8.728006434693373894e-01
8.663412559734072760e-01
8.659457560135580545e-01
8.709334190025788125e-01
8.779512306453509662e-01
8.846231266877219168e-01
8.917638216397693052e-01
9.021751174085018699e-01
9.169189886330691985e-01
9.322164942216047967e-01
9.399582760711708840e-01
9.322239806864607292e-01
9.070356504213352711e-01
8.711938526179103803e-01
8.376390518596834589e-01
8.183995901039546883e-01
8.173682809271088923e-01
8.276215328220296596e-01
8.352952984058855668e-01
8.278742996854755454e-01
8.018757444205605323e-01
7.652202656307575124e-01
7.328677043331507379e-01
7.184003220052046501e-01
7.265479065152481430e-01
7.508257160573519329e-01
7.772235206782802663e-01
7.914158729513997015e-01
7.853572272695872325e-01
7.600725617333471407e-01
7.239842028238985261e-01
6.884653654352409502e-01
6.631891788440636981e-01
6.531640015948135813e-01
6.580065325653441377e-01
6.730125492276357591e-01
6.913130021574583894e-01
7.065084157641531304e-01
7.151444470871848313e-01
7.181440526130798974e-01
7.202896210147277101e-01
7.275267635372576480e-01
7.431365118300840011e-01
7.648838632100966040e-01
7.851381575603985086e-01
7.944029324337086306e-01
7.865141834953239819e-01
7.624415391530484643e-01
7.302311681433647506e-01
7.009558375845562628e-01
6.831082648658457490e-01
6.789148313482372687e-01
6.847618803059398740e-01
6.951300171965105745e-01
7.070345556124244535e-01
7.216585571608085115e-01
7.419051120398065802e-01
7.676264044793685848e-01
7.922443790640568695e-01
8.039877624904829823e-01
7.922422631392941339e-01
