gamma = 0.000007
gamma = 15.789957
gamma = 10.833643
gamma = 2.073992
