max_contrast: 0.9531568972947769
max_contrast_wavelength: 0.6519061583577712
