Tr_max: 0.9713624338131478
Tg_max: 0.9695468383570411
Tb_max: 0.9435972313048145
Tr_mean: 0.7217834009732769
Tg_mean: 0.6369355573410823
Tb_mean: 0.7111589771013406
