crosstalk_r_g: 10.26545595588414
crosstalk_r_b: 8.096839579879589
crosstalk_g_b: 14.790484663590728
crosstalk_g_r: 19.337572946347542
crosstalk_b_r: 22.96149676511218
crosstalk_b_g: 17.476246440700155
crosstalk_avg: 15.488016058585721
