3.879111571142006554e-01
3.211163448059523584e-01
2.786868683772361632e-01
2.394829562894192077e-01
1.781988134140368996e-01
1.203693724391301095e-01
1.090978016606269640e-01
1.312541024919133548e-01
1.490045785841050408e-01
1.410236941656614340e-01
1.201259576560408243e-01
1.207231241106948849e-01
1.522808889721468384e-01
1.897983017983086440e-01
2.075970127756177896e-01
2.097700857874907621e-01
2.268546775101484836e-01
2.696924299253967150e-01
3.094592311552401553e-01
3.032232996549797388e-01
2.391180191145989287e-01
1.709667061060909932e-01
1.486357751105086000e-01
1.568156896698129910e-01
1.576763955726537270e-01
1.305840744890542637e-01
9.228848856257937383e-02
8.205766091381526406e-02
1.037811173576646123e-01
1.249659011171497941e-01
1.201813423418939958e-01
9.372700039765177737e-02
7.425111874721106175e-02
7.723770461236587059e-02
8.716927226418995367e-02
8.314898096510485448e-02
6.368997221676529763e-02
4.931536569134791631e-02
5.737548996687562991e-02
7.932491880756768754e-02
9.361488821631568091e-02
8.873562791684756756e-02
7.303338217422751522e-02
6.550757334894696804e-02
7.287997165094338425e-02
8.239622372425013663e-02
7.801668228385660875e-02
5.777006918587893752e-02
3.598309262940475872e-02
2.693921773025599944e-02
2.998423505011099666e-02
3.413968757776991020e-02
3.119530578735468448e-02
2.244726172368578798e-02
1.471501152433852579e-02
1.191928234435952853e-02
1.276074760515923459e-02
1.456723316586618425e-02
1.644050371705332164e-02
1.873291001148430501e-02
2.121518149875813164e-02
2.326509798063291015e-02
2.562047833550305451e-02
3.040290546191172158e-02
3.845279137195176111e-02
4.737159894224753781e-02
5.298029390335979444e-02
5.278990268650533141e-02
4.837635038548050714e-02
4.393000527989319309e-02
4.234640732678419256e-02
4.384036633281050699e-02
4.768201207325806906e-02
5.362041863391894120e-02
6.142355272449523396e-02
6.990567632774424833e-02
7.723326779546062226e-02
8.230509751192401080e-02
8.567372878666955349e-02
8.874465033162354244e-02
9.193546384190140475e-02
9.425989693325033392e-02
9.459233030704000678e-02
9.282302277920101430e-02
8.973555131564504850e-02
8.543794548121583232e-02
7.852563826402970959e-02
6.778095888808073621e-02
5.435302490373444817e-02
4.247022383970610465e-02
3.762522998110880146e-02
4.224474770891303160e-02
5.316087140031761776e-02
6.435082163133028221e-02
7.128454443587654843e-02
7.269848118182778429e-02
6.974125796158875401e-02
6.415366027859072118e-02
5.723473901403205305e-02
5.010483709124530227e-02
4.417485730892697915e-02
4.065153125155629432e-02
3.935550887418845512e-02
3.838664968422671880e-02
3.536562913365837862e-02
2.936663060679875134e-02
2.211475766036645474e-02
1.729992044296109477e-02
1.804091023070906671e-02
2.410948332247824649e-02
3.120366525697716720e-02
3.376971488074315825e-02
2.955793193220496856e-02
2.125889832057485315e-02
1.371881600086562007e-02
9.880493933762762165e-03
8.899468074099846707e-03
7.959784201289833022e-03
5.986234327004649920e-03
4.848839776413449779e-03
6.705064998123230931e-03
1.091141763211064125e-02
1.437113162451525428e-02
1.567569214657170418e-02
1.828133917405246750e-02
2.795740503822290515e-02
4.709626084445452804e-02
7.155308166058726993e-02
9.157759846245130952e-02
9.714834659917732929e-02
8.780994394948296589e-02
7.600383218451484124e-02
7.479233794585155026e-02
8.900780434926147677e-02
1.187083530388379493e-01
1.619565916111283532e-01
2.123162855424565176e-01
2.573125238113126989e-01
2.863251554846201197e-01
3.069187216190368828e-01
3.501180658333457596e-01
4.350629412540015784e-01
5.289211866279371899e-01
5.918241209303168882e-01
6.220140520155441610e-01
6.357527193410823507e-01
6.432670862004121748e-01
6.411267171962109490e-01
6.161638668276682163e-01
5.574445414149854505e-01
4.729986915804209047e-01
4.131466601527860050e-01
4.605800789191669686e-01
6.118422736677757712e-01
7.591318517346079542e-01
8.438470471739003553e-01
8.719413854803992336e-01
8.638637962192493580e-01
8.406327371545866400e-01
8.211518629771367150e-01
8.113173809749968379e-01
8.052935929834433848e-01
7.998430633794735289e-01
7.996589115773519163e-01
8.117278972029522421e-01
8.350386704331940191e-01
8.605139153251755157e-01
8.818478889734391313e-01
8.989179302274141747e-01
9.132773238178558683e-01
9.244524662627363609e-01
9.307139985693622108e-01
9.319651291687867101e-01
9.301359765006310676e-01
9.276657658563173259e-01
9.262902302170322733e-01
9.265304973638129882e-01
9.281375584639912635e-01
9.309594245524952516e-01
9.349643211221420058e-01
9.395426245620792649e-01
9.434072204777831372e-01
9.457045536352022275e-01
9.468624617591260284e-01
9.479982551536987323e-01
9.499042657544557455e-01
9.526832302602352698e-01
9.561316131652973782e-01
9.601910580315264898e-01
9.647081436428129875e-01
9.688448938074859518e-01
9.712309728683489185e-01
9.712655328235372254e-01
9.700887598334896333e-01
9.696135924782597337e-01
9.706701893949971627e-01
9.721702516358043944e-01
9.720512705591384250e-01
9.692074683202156482e-01
9.640592828741393339e-01
9.571956751918713202e-01
9.482595367753564597e-01
9.365834608540124506e-01
9.227945617786966759e-01
9.092632085246371565e-01
8.990542018706360050e-01
8.946706053823775262e-01
8.966239106532536418e-01
9.025034907556188646e-01
9.087899228346033587e-01
9.139760385192944314e-01
9.191046851264770279e-01
9.255689394386693580e-01
9.323652126495630688e-01
9.357853612507960328e-01
9.329324067700027756e-01
9.249413827475286842e-01
9.163794865044899707e-01
9.119815614902370138e-01
9.127536400182886256e-01
9.148119227327675684e-01
9.132807892516511261e-01
9.071400166750647198e-01
8.996473433764047289e-01
8.944053958361238843e-01
8.915483275595398327e-01
8.883446506677727950e-01
8.828904250591679270e-01
8.753764672991247719e-01
8.647129894824910901e-01
8.446868961434356171e-01
8.057994565662174313e-01
7.443938832313350407e-01
6.727577178915813416e-01
6.164798459329785540e-01
5.936913257727503002e-01
5.967071281287320561e-01
5.973029695509359804e-01
5.723990839539533360e-01
5.287873244038988618e-01
4.926918279440269388e-01
4.745153215501873856e-01
4.622328144033571173e-01
4.431433974848364987e-01
4.200946952396153455e-01
4.052064276639696927e-01
4.039607544785172588e-01
4.115033372301120096e-01
4.206422980660455280e-01
4.318724239367237594e-01
4.559174447492356230e-01
5.005847405542266371e-01
5.581961936599277863e-01
6.114407419489403805e-01
6.465767705204383820e-01
6.628357270033573556e-01
6.697984846703808337e-01
6.718438172256629981e-01
6.589693748116102201e-01
6.163125737021263317e-01
5.441111702744981793e-01
4.661647388612412679e-01
4.118355419108115090e-01
3.927811556086221456e-01
3.988857512551733930e-01
4.125692116234864759e-01
4.268761483361699360e-01
4.439101020308274803e-01
4.608609680905483841e-01
4.664104571165599844e-01
4.523279300500978595e-01
4.295649644242947041e-01
4.196798658267006932e-01
4.308905671255085501e-01
4.524585798748869125e-01
4.637488199542872946e-01
4.590591370221685508e-01
4.650408771391935092e-01
5.042846428803520187e-01
5.611414600719464296e-01
5.819524359736382157e-01
5.265149205839800839e-01
4.378666725175928143e-01
3.785504897268467950e-01
3.596777912470377481e-01
3.465754516785110595e-01
3.001751146704011441e-01
2.426523753311012888e-01
2.056606612265000911e-01
1.946107291445811349e-01
2.119258849189770422e-01
2.560439915165952374e-01
2.990146696779648061e-01
3.163198387080932150e-01
3.165138928342464686e-01
3.118662287068878491e-01
3.079928849387497669e-01
3.095900857536111883e-01
3.199609342932611122e-01
3.402667593239099841e-01
