3.179489165545903440e-01
2.935161373131454088e-01
2.652512600320172664e-01
2.335711234037622930e-01
1.931872733503852135e-01
1.573349798489715179e-01
1.489413499091655768e-01
1.684165601758515762e-01
2.007713478277828034e-01
2.265000110896096819e-01
2.292597513882199123e-01
2.135510168496204952e-01
2.029527028259189847e-01
2.141868449961450427e-01
2.438077306681872558e-01
2.697408780636469938e-01
2.699682090700879500e-01
2.453564281775757749e-01
2.104112787499585746e-01
1.769642602315165680e-01
1.545717380180355316e-01
1.483768324331096455e-01
1.522853142522111458e-01
1.567546878014320078e-01
1.559083278956737706e-01
1.467302696351212299e-01
1.306765767730583561e-01
1.148300415954637277e-01
1.037924893676558519e-01
9.572236148812243717e-02
8.805543052130133941e-02
8.114812995773940107e-02
7.648468948667207223e-02
7.291520375812803045e-02
6.764937773287826861e-02
6.013499808970772242e-02
5.338499541967190593e-02
5.138523791090152809e-02
5.440290437546381475e-02
5.929696825859420706e-02
6.417963713249023872e-02
6.937618162712197445e-02
7.400414159896845367e-02
7.346246320237606597e-02
6.302290892224993168e-02
4.388984208641116130e-02
2.447187034345220391e-02
1.559256661981076215e-02
2.117708932381913087e-02
3.366925841893765592e-02
4.217047784904715685e-02
4.237222428243746231e-02
3.749142103552254718e-02
3.251871052230791842e-02
2.870179252439715792e-02
2.434209025642934676e-02
1.985567904135866063e-02
1.954688213720992204e-02
2.738886758145159944e-02
4.138868204046931842e-02
5.374502397680278737e-02
5.743126745659380555e-02
5.231657431922544232e-02
4.478437193683185852e-02
4.119083900032536466e-02
4.239940800589674791e-02
4.478668879232827055e-02
4.494834599617270748e-02
4.315122077622152164e-02
4.304747595457831394e-02
4.908733779915227385e-02
6.544043768393942306e-02
9.651307356351093714e-02
1.462619628752277467e-01
2.164250135234524475e-01
3.061972937410258888e-01
4.118843197845766801e-01
5.222902643878956086e-01
6.148521234288636395e-01
6.664855328980175964e-01
6.731424694143780529e-01
6.516129381254129882e-01
6.258453549969191787e-01
6.169830382051706419e-01
6.362095116268129402e-01
6.784942871164880707e-01
7.297620241974266397e-01
7.808376275153191548e-01
8.287326687297185135e-01
8.699061003725934160e-01
8.979778039851885607e-01
9.090117259324568266e-01
9.069191889770310544e-01
9.008593732982373981e-01
8.984182894607506409e-01
9.020397104614735762e-01
9.101269054021916549e-01
9.201391918126871072e-01
9.303003035990253800e-01
9.391137860068703436e-01
9.447867692366077597e-01
9.462847103393375869e-01
9.449443145505942443e-01
9.441194547159842410e-01
9.466235502899057463e-01
9.522738846157091652e-01
9.576609524265881079e-01
9.585985849646002643e-01
9.536123610580859999e-01
9.458087144289987203e-01
9.413300026518247599e-01
9.447713285542255202e-01
9.553055442920611595e-01
9.675879523563183371e-01
9.762504914733192152e-01
9.796012714461043158e-01
9.799246405277787231e-01
9.803208503828820808e-01
9.811211563645921840e-01
9.800189684906641663e-01
9.755610938610300709e-01
9.695087448036316946e-01
9.647997171079539802e-01
9.606476395279488489e-01
9.510706204290413357e-01
9.301947899652248664e-01
8.987958590054900831e-01
8.659265299937098925e-01
8.452380951487542537e-01
8.461116168293286721e-01
8.622170102084169008e-01
8.741546475331372079e-01
8.690152165022998476e-01
8.465906613857702157e-01
8.102232869727465925e-01
7.624572894371098863e-01
7.083434510170892873e-01
6.583146979467435767e-01
6.214744288610194456e-01
5.891840012938464044e-01
5.290155637719015091e-01
4.224714893789820458e-01
3.083734462152060707e-01
2.332364948333002508e-01
2.014644928247462663e-01
1.964548241684958563e-01
2.047638496687510523e-01
2.228433482092601892e-01
2.550918386836351082e-01
3.066367853541971389e-01
3.713838177330153756e-01
4.144213273544681275e-01
3.791483632357687816e-01
2.712748873669364458e-01
1.687237994291264365e-01
1.122268642110430814e-01
9.620796047707065590e-02
1.042620138851496903e-01
1.190111033512004646e-01
1.265951597783386284e-01
1.262134739645928705e-01
1.255452505236299698e-01
1.278481851422396676e-01
1.288984015189906795e-01
1.216895155873925910e-01
1.047782915600521808e-01
8.403511256776025062e-02
6.492639164114984152e-02
4.895998476693918383e-02
3.634322526362381706e-02
2.804684274425167309e-02
2.468189185025676524e-02
2.503769870375031556e-02
2.690027773096176009e-02
2.849901127808096915e-02
2.918168216334790510e-02
2.929149821232383474e-02
2.929309580732366441e-02
2.906678462449453423e-02
2.815030181480163152e-02
2.642931634059710391e-02
2.445862893689649750e-02
2.296364848001856279e-02
2.212760986965748439e-02
2.155735047898957313e-02
2.069637062301098868e-02
1.915905509442660318e-02
1.687711460652515857e-02
1.409360628983767107e-02
1.132314262811346707e-02
9.302628703266624041e-03
8.676553228618415908e-03
9.432422036958277786e-03
1.084509500462380212e-02
1.223741186011155849e-02
1.361746480032303107e-02
1.547417107160223293e-02
1.801635495733791906e-02
2.082336574263784698e-02
2.352956303405293395e-02
2.676942175032811372e-02
3.227395488735253920e-02
4.166915666817859465e-02
5.469933505551904940e-02
6.875927416865471042e-02
7.989183034023618346e-02
8.401974577833676294e-02
7.909142194252261060e-02
6.766509605954976192e-02
5.567153117822213476e-02
4.751390594325787670e-02
4.343170528330467239e-02
4.069688331447166019e-02
3.673854927770657530e-02
3.204560493117927789e-02
2.948642524215819294e-02
3.047494618362601645e-02
3.279821598181163755e-02
3.224426115763166789e-02
2.680488503582849347e-02
1.945977402455147456e-02
1.555227049223846351e-02
1.751805228138790180e-02
2.309257672317002394e-02
2.852807233106942342e-02
3.302960620708290246e-02
3.918120597398710991e-02
4.905947199170860445e-02
6.141012695281898581e-02
7.383362331716061822e-02
8.747602170985957493e-02
1.079925210601785646e-01
1.398979300533105263e-01
1.786031889895224600e-01
2.103086723375102163e-01
2.246988956281568695e-01
2.273156668175578266e-01
2.357390627277306527e-01
2.608034949145816572e-01
2.912954314679617185e-01
3.074243167032213453e-01
3.069870716339488381e-01
3.042989912832501642e-01
3.100330015488783619e-01
3.198119089802209936e-01
3.229686189354697423e-01
3.176595408358556250e-01
3.131573538713590121e-01
3.204447631230801230e-01
3.383071037354614674e-01
3.470942652633462466e-01
3.280142667388707967e-01
2.860621849679994555e-01
2.429613358107818311e-01
2.164179500987405136e-01
2.073254784083161939e-01
2.042797393359457592e-01
2.016655225361591031e-01
2.078756758924914794e-01
2.339230674142488975e-01
2.757194883032633159e-01
3.116313986906130706e-01
3.233534396376501197e-01
3.153903159056771766e-01
3.092939999064954204e-01
3.157747408448791648e-01
3.211790371031675306e-01
3.131847289074655150e-01
3.003554101763737383e-01
3.029813869403513160e-01
3.285312322607862878e-01
3.539303456482555399e-01
3.501748457790600511e-01
3.173597346630762650e-01
2.858839913116199560e-01
2.954314478666805743e-01
3.445237005649569584e-01
3.719978182099664687e-01
3.409613407846882049e-01
2.825461710102681323e-01
2.659422914644054559e-01
3.216469759627257896e-01
3.850406230821819542e-01
3.952482859936716220e-01
3.654242219339164932e-01
3.640559813553750357e-01
4.226414461350100349e-01
4.600122991497681557e-01
4.261873050759283910e-01
3.307595540750055130e-01
2.065535713062345846e-01
1.334910748555009907e-01
1.759446086264183917e-01
2.610018734884699820e-01
3.149526745067849354e-01
3.452028587321979147e-01
3.895052846319592144e-01
4.418060093456862014e-01
4.354424203114110048e-01
3.621982119748409779e-01
