2.941399263312088896e-01
3.853675178809018997e-01
4.560618715907470144e-01
5.269459203068186381e-01
6.286139132355781367e-01
7.222956477118983587e-01
7.419608484302070428e-01
7.003293373322347914e-01
6.502240735881117395e-01
6.324762947447288841e-01
6.506142909557395271e-01
6.657258590396840647e-01
6.447664082019344267e-01
5.960148532055462578e-01
5.485952565561950101e-01
5.204890361488621053e-01
5.031771134197633444e-01
4.849511418970280929e-01
4.801294900948012701e-01
5.198124401135041373e-01
6.063102428673653455e-01
6.806564614607992780e-01
6.990789106372803374e-01
6.864296225287555009e-01
6.864152765316725580e-01
7.226856558758244509e-01
7.770349346643626864e-01
8.031122974907211054e-01
7.924263932746797856e-01
7.793117373947271442e-01
7.917632271368050256e-01
8.251248696446088493e-01
8.492641917661168938e-01
8.498470916295058908e-01
8.451813500029320414e-01
8.567160209451872843e-01
8.829250323635629005e-01
8.992993963977509164e-01
8.882216056576603957e-01
8.613781129338378140e-01
8.422054746511939971e-01
8.418881904560304719e-01
8.529624762268045446e-01
8.610299634486772158e-01
8.640971194268068922e-01
8.737139341893382927e-01
8.975114473726917286e-01
9.266373641943093098e-01
9.428398180467760792e-01
9.393915238508059318e-01
9.278452871008415759e-01
9.234880881397924401e-01
9.313132731771230910e-01
9.450340277540060230e-01
9.565831959512648419e-01
9.637386273992112340e-01
9.673835733534824621e-01
9.658858846969239353e-01
9.561706287014949401e-01
9.398784079480465570e-01
9.250397945244389630e-01
9.193036345627727535e-01
9.220629473452718328e-01
9.248127226012560209e-01
9.203563696277236028e-01
9.102289930518553396e-01
9.022330173043120460e-01
9.022617513173212256e-01
9.084724288382973745e-01
9.130225187655286456e-01
9.085662548740632838e-01
8.907191959832501116e-01
8.558049143632314726e-01
8.001176184908530553e-01
7.221514337520521520e-01
6.238970299312294188e-01
5.108824124199627947e-01
3.954046381001800059e-01
2.994741477844674593e-01
2.447698167703589167e-01
2.349220667437204313e-01
2.541271649413370248e-01
2.795623146960407035e-01
2.901939390156278442e-01
2.740549370575419696e-01
2.360677674022962635e-01
1.917123375385435258e-01
1.513814135966001506e-01
1.169143063665468441e-01
8.762367578770065280e-02
6.439696603370254069e-02
4.874352635862996830e-02
3.991993962265145274e-02
3.478980507043259035e-02
3.029716610337258864e-02
2.526180835669905936e-02
2.013183663621985128e-02
1.570714790872184199e-02
1.246495738694242475e-02
1.078137690188434028e-02
1.103837345446558732e-02
1.306375840910629915e-02
1.570017657521732835e-02
1.749389559978902983e-02
1.801082057643586809e-02
1.835948477749212854e-02
2.022428991304510426e-02
2.410149459243922029e-02
2.834672871120477028e-02
3.008180224852282508e-02
2.746633209119839214e-02
2.145895656503104751e-02
1.513652377573354926e-02
1.115314932310667966e-02
1.003069252581527404e-02
1.051823462013267742e-02
1.117589139812127236e-02
1.171936541582804456e-02
1.289260930840356936e-02
1.513219173292234057e-02
1.773384114084658805e-02
1.957983756425743516e-02
2.082915126753079674e-02
2.367666832547979036e-02
3.064804039690600251e-02
4.184780499655176011e-02
5.410788015005529861e-02
6.252038834570255998e-02
6.318430638879429795e-02
5.674003657149385982e-02
4.997304584209994599e-02
4.984152028234770104e-02
5.619244555184893519e-02
6.440153426496825206e-02
7.106835998841537494e-02
7.558611895176194084e-02
7.934026344045437551e-02
8.437277824194397424e-02
9.220041565436067066e-02
1.038972770871169488e-01
1.208663703947530504e-01
1.424655693670164591e-01
1.627053671568567395e-01
1.749393842363828333e-01
1.765214551597092119e-01
1.677924564904216265e-01
1.519690641308368839e-01
1.360299345945289173e-01
1.287442944886971474e-01
1.359186732308169665e-01
1.556174906865636087e-01
1.724320124927458397e-01
1.602715578450642497e-01
1.168828389652878386e-01
7.214434883626541506e-02
4.392608861505657714e-02
3.185065404253016597e-02
3.187418989560077826e-02
4.035615949421307580e-02
5.225297724452483694e-02
6.246914506040972259e-02
6.916115649292631229e-02
7.230875147828617899e-02
7.144268690365723762e-02
6.658258720965513910e-02
6.018303800675381399e-02
5.545097210706433771e-02
5.322571938541097863e-02
5.212208500564664143e-02
5.037945091852030766e-02
4.750069099301198333e-02
4.460410958038119045e-02
4.299717212746284600e-02
4.296374576840716886e-02
4.383522286560169456e-02
4.452808761961974532e-02
4.417800442386315973e-02
4.256934572868513456e-02
3.997379082301049519e-02
3.688537706305622388e-02
3.402805909732380812e-02
3.213415058532043816e-02
3.133179788477931382e-02
3.100992837121646639e-02
3.044439436731166335e-02
2.939936362253336294e-02
2.815771464533796398e-02
2.699127222817740077e-02
2.571533567863579228e-02
2.396871372907363046e-02
2.185247748924750225e-02
2.009247390303281824e-02
1.930204513950446732e-02
1.906614516188656280e-02
1.814899566162879105e-02
1.571234580467972819e-02
1.235557729259330328e-02
9.932374483523492836e-03
9.969165937146430220e-03
1.241115409180774780e-02
1.603490305780050015e-02
1.946650833729099070e-02
2.174738247780909697e-02
2.250610316578428860e-02
2.197751730670805675e-02
2.105396778912781153e-02
2.130964883928569004e-02
2.428466740422380310e-02
2.983141318483157819e-02
3.553854598717452740e-02
3.851005553744771964e-02
3.746360959021832748e-02
3.373417724685897484e-02
3.089623807273033859e-02
3.216903381802455053e-02
3.758116798783910084e-02
4.458367106884519870e-02
5.082229751369837789e-02
5.577417735213126976e-02
6.044147494588297115e-02
6.572830324268114088e-02
7.116694025611036700e-02
7.534193104354745818e-02
7.726007990042534079e-02
7.706653183280670616e-02
7.542206623337716076e-02
7.247414335824016451e-02
6.805010294912347546e-02
6.321340574805624224e-02
6.145338720034831254e-02
6.783708214670469694e-02
8.620802237360401798e-02
1.157081867153543359e-01
1.486390931188957820e-01
1.732114817295112852e-01
1.816097785990928859e-01
1.759772050537102561e-01
1.669579677213337832e-01
1.667974211314646460e-01
1.799172441281396140e-01
1.998838553527514939e-01
2.184976068158636098e-01
2.334681943133926629e-01
2.468236009662847230e-01
2.600933957801630503e-01
2.718249534005604540e-01
2.783797046856272273e-01
2.753393088985293113e-01
2.589129388108740160e-01
2.298204723278147732e-01
1.969882899874179916e-01
1.714009927069023997e-01
1.557416213720724252e-01
1.455979222402779272e-01
1.370052793808212432e-01
1.298387945883265893e-01
1.259217759936735181e-01
1.264906602381777045e-01
1.331549492958981618e-01
1.497643588836252426e-01
1.801693414222384770e-01
2.222038624481454672e-01
2.648110184515383159e-01
2.918285284857003448e-01
2.918202488383314641e-01
2.716560475316342482e-01
2.519448145606626999e-01
2.429051690617072268e-01
2.387836217330781274e-01
2.306081559430886163e-01
2.191408376891156584e-01
2.165046899274502279e-01
2.301452883942390060e-01
2.517496982114151849e-01
2.616574288134929094e-01
2.408197321790322976e-01
1.964171624128743243e-01
1.629613046508403551e-01
1.547540163349599429e-01
1.563123689177854936e-01
1.521052725619567447e-01
1.518381034532937657e-01
1.770927044002255091e-01
2.262012242794818606e-01
2.748979868190459253e-01
2.893685669661136273e-01
2.771834391945886544e-01
2.973353255191303335e-01
3.681520336975717678e-01
4.746297167804131023e-01
5.815205437747881234e-01
6.104649336279041050e-01
5.250407216956166634e-01
4.226782878034365254e-01
3.685334326589683185e-01
3.429309125609141806e-01
3.025018304292915738e-01
2.486039049007027768e-01
2.445966453953278275e-01
2.975350287012484829e-01
