Tr_max: 0.9713624338131481
Tg_max: 0.9695468383570413
Tb_max: 0.9435972313048148
Tr_mean: 0.721783400973277
Tg_mean: 0.6369355573410823
Tb_mean: 0.7111589771013406
