crosstalk_r_g: 10.019580238778001
crosstalk_r_b: 7.8002068756020115
crosstalk_g_b: 9.456016468149011
crosstalk_g_r: 25.481190575784613
crosstalk_b_r: 20.267448271214555
crosstalk_b_g: 14.569448449706051
crosstalk_avg: 14.598981813205706
