3.317890646608444016e-01
3.411142483254211433e-01
2.956954231481795370e-01
2.589733958698492433e-01
2.637558775199974059e-01
2.853763066604889653e-01
2.969906244312779942e-01
2.630784219748083519e-01
1.754991681226806266e-01
1.137069244953647640e-01
1.057318285829252635e-01
1.130179977290032139e-01
1.043487690827780423e-01
7.112832202224467215e-02
4.679017281807740236e-02
5.503347219575601551e-02
7.779163769662340855e-02
9.811272084009844963e-02
1.085753088022670260e-01
1.097022306005456943e-01
1.164044488519952042e-01
1.416900519736194186e-01
1.786951383854448461e-01
2.163538669615072407e-01
2.414969464769486651e-01
2.361301415232207324e-01
2.029452454807824102e-01
1.706417070188666063e-01
1.517547122399221515e-01
1.396362480184202004e-01
1.245565702179847883e-01
1.032598293709158788e-01
8.524172824374966206e-02
8.026973600558733046e-02
8.491945754563057225e-02
9.043992415311981337e-02
8.948136401422042419e-02
7.923350867416441290e-02
6.556697093154008338e-02
5.658504843813316060e-02
5.327629051144415484e-02
5.286142792647501032e-02
5.401554534597421270e-02
5.781311642209101959e-02
6.515576108459562865e-02
7.399387191464545932e-02
8.081222806913819501e-02
8.269630134631585083e-02
7.763041098064678291e-02
6.607943002442802360e-02
5.268183028425808823e-02
4.230527849139361501e-02
3.548190076743344690e-02
3.033809583235079488e-02
2.594551123390336292e-02
2.321045546466331613e-02
2.294611170860820504e-02
2.364908223132197382e-02
2.282181932706831701e-02
1.930515858189848361e-02
1.405871255937725731e-02
9.858425303488103225e-03
9.039068712668045166e-03
1.095501086743289575e-02
1.326929779499432666e-02
1.464495498594336337e-02
1.536269073211307505e-02
1.642503054167644694e-02
1.808907309066393881e-02
1.944881213552403579e-02
2.003099487958951916e-02
2.109404999093071262e-02
2.517995838501500827e-02
3.395929210324667019e-02
4.533116176547422743e-02
5.431023778567103250e-02
5.811294585697361625e-02
5.835056305399843185e-02
5.940511823963730981e-02
6.590026783598826321e-02
7.935600591082821176e-02
9.641565598645497615e-02
1.117982676883636090e-01
1.217967862102142390e-01
1.244231150821165643e-01
1.192354257413973107e-01
1.092757612831739278e-01
1.005259217402551808e-01
9.675181909839554451e-02
9.758470828977730549e-02
1.003762838608300428e-01
1.012709392309676243e-01
9.639033912398005388e-02
8.483778435513938954e-02
6.972843250945202909e-02
5.485258683727163576e-02
4.214754580387836819e-02
3.215061811908453970e-02
2.507978543927023157e-02
2.119510367735571305e-02
2.063225676233815600e-02
2.329100660506063306e-02
2.875437044517429111e-02
3.587628622737332185e-02
4.250445838125022080e-02
4.639166405035899388e-02
4.686050943926496626e-02
4.515916985102380599e-02
4.314111875071927060e-02
4.176840598428593204e-02
4.042201049698843085e-02
3.752560538224489900e-02
3.224275978827809835e-02
2.543044856538364748e-02
1.893066812585625369e-02
1.438536501474240586e-02
1.240958579550229327e-02
1.225868804857762652e-02
1.242723959856376417e-02
1.190389093948962355e-02
1.069804835464242126e-02
9.303004294161669116e-03
8.026740919208380509e-03
6.842438096868483886e-03
5.752077461685945088e-03
5.101222727411062682e-03
5.335027289820752465e-03
6.491760325851810010e-03
8.025643139436100526e-03
9.272797040036927924e-03
1.042537495390894603e-02
1.297091341845010848e-02
1.872215519029211961e-02
2.843541537711794659e-02
4.115615669070619292e-02
5.403163518631795559e-02
6.273441854845536458e-02
6.433449254022202690e-02
6.216621247195788097e-02
6.501880481105846987e-02
7.956584986543244198e-02
1.073184828573111177e-01
1.472020727721613798e-01
1.973922388463035249e-01
2.547437258380707559e-01
3.130207245231976798e-01
3.624002880687613448e-01
3.961008272394259677e-01
4.264944734006492766e-01
4.818529549560641723e-01
5.677633070986801700e-01
6.615212080044032827e-01
7.410575106684416102e-01
7.963369046741938240e-01
8.262302493379845014e-01
8.345269094104967866e-01
8.274646243466307061e-01
8.117796661693292837e-01
7.929142898916757831e-01
7.742578696932822524e-01
7.584883886307941525e-01
7.499060527577391388e-01
7.539186159786646080e-01
7.724071750983271256e-01
8.005332527895653305e-01
8.292658572299679287e-01
8.502547935781665789e-01
8.593039517329379429e-01
8.584179120995044654e-01
8.555248003158726355e-01
8.591106855148507027e-01
8.712951687466607975e-01
8.877325334153671754e-01
9.029915287424911119e-01
9.144142985736886109e-01
9.227084538738061781e-01
9.303717922574982202e-01
9.391607561065281606e-01
9.486701962655482712e-01
9.570426355863238532e-01
9.624887854988140035e-01
9.643474064755191977e-01
9.634217134656062331e-01
9.614370641979217424e-01
9.598758213220114355e-01
9.592484751960199674e-01
9.593521696927335141e-01
9.599437499423588704e-01
9.611195341145387649e-01
9.631559358032293350e-01
9.660665951771746363e-01
9.694006415373356278e-01
9.724547944140851108e-01
9.746411713927153331e-01
9.757917966670019982e-01
9.762518618681923499e-01
9.765991531746545107e-01
9.771303669565005734e-01
9.775471197649929778e-01
9.770494350854967980e-01
9.747721015350723217e-01
9.704027644956768617e-01
9.645640475519682289e-01
9.585659190969750831e-01
9.538156021397761197e-01
9.514185333731316474e-01
9.519450015734638448e-01
9.551608799627935298e-01
9.600093186882027174e-01
9.651621037898410194e-01
9.696873408065814770e-01
9.731891950588420492e-01
9.754710347062703901e-01
9.762170637069563783e-01
9.750790289924654575e-01
9.721094720579956938e-01
9.680886065012510588e-01
9.644210982807311927e-01
9.625443996877008912e-01
9.629413921530053377e-01
9.644118824432743597e-01
9.645844723410392785e-01
9.615061737856435142e-01
9.550074083727700947e-01
9.469871077301829088e-01
9.403590135208853562e-01
9.368784842253863321e-01
9.355331651579060770e-01
9.333566247964982798e-01
9.278563979401404094e-01
9.187909478027050936e-01
9.080617920621602002e-01
8.977299653580218530e-01
8.879024757335010065e-01
8.769033142727501451e-01
8.634778022070896952e-01
8.486554308559577375e-01
8.355148110915046056e-01
8.264878359399269181e-01
8.202805454365564852e-01
8.118383614532808101e-01
7.954071811997269759e-01
7.676465597857544676e-01
7.289699474786165423e-01
6.825623304847471262e-01
6.313924509560537857e-01
5.762837133185362282e-01
5.181269092913114438e-01
4.624306659015072207e-01
4.203938482385266573e-01
4.009361039901056523e-01
3.989718305511986141e-01
3.975517116897641090e-01
3.837592026571237658e-01
3.584636843786641602e-01
3.336720078987926996e-01
3.232263272739890336e-01
3.320820378809991036e-01
3.515536905263010881e-01
3.671956376037004421e-01
3.749063472618614501e-01
3.888812097658346789e-01
4.267713825721787813e-01
4.863615740527991727e-01
5.464622227313754577e-01
5.865054986970512640e-01
5.986891186343417104e-01
5.885778098885215970e-01
5.686461419054927857e-01
5.477142720969205847e-01
5.247872909987393308e-01
4.931287063115279978e-01
4.498317821595728683e-01
4.057360241982347904e-01
3.863009102421018914e-01
4.039298692330696716e-01
4.345349508996986798e-01
4.501064989987411114e-01
4.471944954972500996e-01
4.407654708060800286e-01
4.493257224917176496e-01
4.741470205687367545e-01
4.908237266483636008e-01
4.789216728908480825e-01
4.445708124164136632e-01
4.112897708804416075e-01
4.067961645949972338e-01
4.424652789154382426e-01
4.839592370108855568e-01
4.800864001761625532e-01
4.297829217694366655e-01
3.735267356843016695e-01
3.590339680207190742e-01
4.147907768179152077e-01
4.934677367568430784e-01
4.988020165387386240e-01
4.281695162580949066e-01
3.441888276197003771e-01
2.925161098597139908e-01
2.917902623207002111e-01
