3.730293589192731907e-01
4.529474284896488068e-01
3.813794580171923077e-01
2.629406008586446242e-01
2.406982751566675571e-01
2.953641967914910627e-01
3.769569254482628695e-01
4.028123366996404497e-01
2.876718068060545863e-01
1.543998119926381918e-01
1.380477955043842853e-01
2.109117489157290026e-01
3.050925790370509483e-01
3.227047893322005367e-01
2.326565197601879464e-01
1.539790218044889136e-01
1.491088305872764475e-01
2.023144694757617879e-01
2.809776553667588939e-01
3.275914051477444300e-01
2.912127202719740349e-01
2.251037523151276365e-01
2.020218241277510207e-01
2.252183016395751247e-01
2.587243521022192794e-01
2.502107820469400834e-01
1.906377681948372982e-01
1.373724709196223748e-01
1.236359185994083953e-01
1.401510075038315539e-01
1.610225005474026638e-01
1.549241380871662632e-01
1.156487151374817751e-01
7.663484833363673476e-02
6.230198847515910909e-02
6.873388723215134721e-02
7.877673240556014311e-02
7.435973980869182987e-02
5.469232272770026965e-02
3.776870713468192392e-02
3.439717461278203603e-02
4.106210218328690265e-02
4.834628410647600488e-02
4.838194976116638041e-02
4.273845540687222500e-02
4.065079948054742265e-02
4.680311447214260262e-02
5.741829968660928235e-02
6.365130477645519758e-02
5.745594741499222835e-02
4.091958517132432416e-02
2.553486971739765687e-02
1.887897661252560533e-02
2.026514198630607888e-02
2.508872516823905038e-02
2.866939270957127167e-02
2.947267908415717938e-02
2.946419366302823958e-02
3.029492957590495736e-02
3.123983598908406517e-02
3.029377410757811556e-02
2.638070811494978157e-02
2.116141183511620338e-02
1.770160133266755753e-02
1.770224540002669072e-02
2.141978355386001814e-02
2.857775973856071031e-02
3.771354610017986497e-02
4.531635524514475433e-02
4.798859723861462201e-02
4.546452755058542905e-02
4.035984814418624306e-02
3.653118363399026486e-02
3.716974646173432789e-02
4.180922668118763202e-02
4.614012111673178318e-02
4.714653389996246308e-02
4.685755361039400935e-02
5.143249309601669039e-02
6.732158306536553671e-02
9.575637457014032905e-02
1.320682612874587714e-01
1.743044088639530975e-01
2.309147347614703416e-01
3.173262210018129026e-01
4.375511645840078345e-01
5.617262814420159733e-01
6.446661553124167776e-01
6.733852360219497735e-01
6.676179869038280090e-01
6.535615051228138572e-01
6.524875166718456798e-01
6.755950119232747575e-01
7.178660740639696280e-01
7.643517331734251963e-01
8.055358404485080115e-01
8.411071853244391772e-01
8.735990692327154639e-01
9.027702596474626029e-01
9.249325369108908346e-01
9.369848186812145263e-01
9.398900824396160258e-01
9.375753741022067045e-01
9.341113178414699458e-01
9.321158456205019815e-01
9.322822189521852154e-01
9.337511768819459768e-01
9.351540652159320288e-01
9.355524993899521080e-01
9.349276708995855056e-01
9.343318757940665131e-01
9.353512856980201740e-01
9.388490161900163722e-01
9.443097768469258524e-01
9.504734720848002638e-01
9.562517317024166186e-01
9.611761851697274706e-01
9.653645699969506389e-01
9.690863645413485550e-01
9.723091335123883461e-01
9.747309752199686539e-01
9.761683055759068361e-01
9.767999024007909536e-01
9.769636747369081498e-01
9.766441758315911326e-01
9.753615343173660523e-01
9.728155415513587423e-01
9.695539324145189264e-01
9.668154836160426369e-01
9.652189356138350940e-01
9.630332232333337350e-01
9.563513076012870595e-01
9.419217774865100701e-01
9.196758625986894975e-01
8.932481046796716395e-01
8.696179617237612680e-01
8.572560715136422482e-01
8.594365160427255290e-01
8.662484799498864074e-01
8.607359100723395162e-01
8.347425838359163741e-01
7.911554259235492603e-01
7.360771367916207897e-01
6.742914457832988040e-01
6.093962335760371163e-01
5.460408997875387804e-01
4.921343381939148887e-01
4.561052362571716978e-01
4.330814804828733156e-01
3.987827763589568142e-01
3.386763549931276485e-01
2.643938397877680369e-01
1.946587077826840706e-01
1.418493281763026359e-01
1.112567369451141069e-01
1.030018517592280053e-01
1.133544905729434865e-01
1.358467439103371033e-01
1.627875386822149884e-01
1.869454531241835915e-01
2.025694495981511523e-01
2.057199075171534386e-01
1.951542804801703612e-01
1.737374403684022461e-01
1.479730015058490500e-01
1.251513317147676108e-01
1.105536903989232794e-01
1.058039270385769531e-01
1.078071286806156492e-01
1.094500842525287648e-01
1.042406902749506287e-01
9.139546927027102086e-02
7.500609728219491401e-02
5.948881629684328598e-02
4.699985133672333198e-02
3.751073250421232269e-02
3.001026874067570446e-02
2.374805782559922043e-02
1.869016442260340582e-02
1.511746726143182486e-02
1.310404469005099076e-02
1.235608224386442605e-02
1.237958202965875817e-02
1.276314865623039314e-02
1.330061237147140731e-02
1.385136016372732863e-02
1.416394889412868861e-02
1.391717248198672506e-02
1.298506451215339884e-02
1.165018263779051162e-02
1.043852520117112201e-02
9.692960570155621097e-03
9.355818000741146848e-03
9.128054229879212916e-03
8.795292780540628352e-03
8.438158177948297881e-03
8.340852620637721065e-03
8.712238261294068600e-03
9.548610335062475071e-03
1.074543532442891018e-02
1.227452297316644451e-02
1.420889309303616406e-02
1.653093256916387394e-02
1.890448352936272350e-02
2.065907768965961552e-02
2.104705093819306955e-02
1.969896014748630242e-02
1.704482570130912492e-02
1.422462400041927741e-02
1.235527178841298347e-02
1.182590767634849292e-02
1.221766163931843618e-02
1.273915029229791968e-02
1.283790911473590632e-02
1.261529657233394566e-02
1.266776540760513811e-02
1.348750957383067564e-02
1.502042093146290468e-02
1.672106319231504365e-02
1.803445867508836689e-02
1.894518517192579979e-02
2.003543070490202208e-02
2.190261245091397468e-02
2.448720370703803134e-02
2.692491299913464531e-02
2.818364707351846132e-02
2.816727390994645461e-02
2.816068616803112448e-02
2.986303018743911852e-02
3.388275570364633615e-02
3.905541897687750397e-02
4.324525962715283084e-02
4.531291067968688802e-02
4.640004489002857307e-02
4.889904208575697464e-02
5.425281845407159409e-02
6.173629144615503522e-02
6.913230438901182828e-02
7.508182225446222158e-02
8.125422832421821950e-02
9.187761604621648426e-02
1.109795592251167778e-01
1.398062296482114608e-01
1.759326684132911378e-01
2.148059886955968611e-01
2.530990509217725948e-01
2.901634128323669626e-01
3.250204739647263863e-01
3.521133712315691056e-01
3.620001160027216391e-01
3.505187717713075246e-01
3.279618057944175824e-01
3.124605568246134890e-01
3.137259331568872378e-01
3.268760023503270440e-01
3.384015868459809839e-01
3.371486305272026196e-01
3.248450279222261927e-01
3.180667660166383026e-01
3.352912255859800128e-01
3.753490126639514868e-01
4.081950686150549457e-01
3.992481926150303062e-01
3.470077385728429498e-01
2.824596806770521273e-01
2.371363285904615759e-01
2.222183371889636383e-01
2.274322372844001239e-01
2.330084974264885478e-01
2.276008148087160510e-01
2.164799908815200347e-01
2.130344700583510775e-01
2.249487952003361713e-01
2.440072020588293644e-01
2.475167783747898309e-01
2.265637899682210465e-01
2.059680918789521253e-01
2.106349975834475585e-01
2.390582385498824514e-01
2.690482619011210219e-01
2.728450044093759796e-01
2.461058330289742080e-01
2.248708292756741722e-01
2.442497341014379098e-01
3.006656755765551026e-01
3.622320293742005703e-01
3.875134626833379170e-01
3.541124361561087674e-01
3.037161131655881641e-01
3.092191272192887364e-01
3.772194130043233784e-01
4.518494514080744762e-01
4.641792971135532131e-01
3.768553047368624620e-01
2.671472311577768877e-01
2.707613586794972438e-01
3.721128214177183979e-01
4.651273919078028896e-01
4.762214563665647105e-01
3.806671302413155988e-01
