2.951815764198826297e-01
2.059383231849300777e-01
3.229251188346279333e-01
4.780860032715061325e-01
4.955458473233347316e-01
4.192594965480200830e-01
3.260524501204591918e-01
3.341092413255519200e-01
5.368290250712646205e-01
7.318932635119963503e-01
7.562203759126904234e-01
6.760702533552678251e-01
5.905586518801708706e-01
6.061668886455541250e-01
7.205533074217340683e-01
7.909875059997553137e-01
7.730995317161005742e-01
6.995728096841393739e-01
6.104470358309738165e-01
5.627063642517095010e-01
5.923828308760312744e-01
6.332061957112528061e-01
6.192830374868039112e-01
5.584278313989173848e-01
4.997787014208321388e-01
5.136590764298388789e-01
6.064169863243802361e-01
6.919858220615109357e-01
7.246093691606692033e-01
7.202127444777478571e-01
7.144209292346120899e-01
7.418160325419176360e-01
7.991095566187684796e-01
8.430954156607760597e-01
8.527785539792106517e-01
8.408261886147289088e-01
8.317419035802190441e-01
8.464067515171440625e-01
8.797407063407600702e-01
9.056462444271849987e-01
9.123265348757736426e-01
9.060764698902382674e-01
8.976381705475499073e-01
8.938049338167428637e-01
8.921057835085322019e-01
8.853553286048070348e-01
8.723846574587192926e-01
8.598853989670751652e-01
8.587182842428980889e-01
8.764646225605795538e-01
9.063985845444180178e-01
9.321598517912085269e-01
9.456391226200412392e-01
9.493967621813430569e-01
9.489657635978575589e-01
9.481201518257649230e-01
9.475812092072347648e-01
9.468867241056501127e-01
9.468832510970269789e-01
9.494550054290180618e-01
9.556475133330445404e-01
9.637608665815621256e-01
9.697995194522155415e-01
9.713433877998999266e-01
9.690284568049790659e-01
9.639352614601963687e-01
9.560595495293263690e-01
9.458614233581437158e-01
9.365945716641914665e-01
9.325625906258614428e-01
9.345044775698261308e-01
9.385461018648832976e-01
9.382888579809950391e-01
9.288709614350190158e-01
9.128596115533381683e-01
8.995496410975972745e-01
8.947405202430636084e-01
8.947918833356076629e-01
8.891623886643462704e-01
8.667781490986463666e-01
8.248876195190315563e-01
7.715160827260862941e-01
7.138973234476836405e-01
6.472884790283157663e-01
5.582506639160708106e-01
4.432134096745943830e-01
3.289979572748100156e-01
2.548079229473289020e-01
2.298629448796543351e-01
2.347973048063947132e-01
2.460622110163559195e-01
2.462415440971866820e-01
2.280146489527451470e-01
1.972961415808909824e-01
1.659198343171225942e-01
1.396115727142206164e-01
1.167452688716823922e-01
9.425031264820012133e-02
7.214995491326672838e-02
5.387235941175338300e-02
4.238292455644696727e-02
3.681891095532351110e-02
3.367025545261913971e-02
3.001239593115668722e-02
2.537969599824770051e-02
2.132611699745511763e-02
1.938831367878909862e-02
1.968676493304388417e-02
2.130638185932888853e-02
2.330392311612867681e-02
2.524611370894483744e-02
2.712310891973526011e-02
2.890822402170535946e-02
3.025977458769078463e-02
3.059585978934372535e-02
2.936290328284101719e-02
2.641422903477022924e-02
2.237674195447184392e-02
1.848639586008764268e-02
1.578697554812187251e-02
1.457097642538907056e-02
1.452869012993147219e-02
1.517335668000065370e-02
1.619388716622328570e-02
1.760374670672230912e-02
1.953724295522333079e-02
2.184943115882099357e-02
2.395430725962900687e-02
2.515887324452123486e-02
2.550826734612770749e-02
2.654140181275715590e-02
3.067777898026287017e-02
3.935606732319774786e-02
5.188872202419279184e-02
6.559573862962234103e-02
7.635040308992048497e-02
8.000950993790235943e-02
7.622899141705248571e-02
7.158530757815569079e-02
7.424528511660200003e-02
8.569156629865064267e-02
1.015260912191396775e-01
1.167207904362172338e-01
1.283163153703973103e-01
1.358600405858919613e-01
1.409383756892633455e-01
1.454653737373236277e-01
1.477939365034022512e-01
1.404240461164776022e-01
1.193642686849791523e-01
9.356033790819229257e-02
7.408495220782872204e-02
6.428378154887445795e-02
6.181376714950340828e-02
6.251301371690130837e-02
6.247123883027527746e-02
5.918088508042583518e-02
5.237358992033339100e-02
4.429817142610872199e-02
3.879667718253457936e-02
3.894216177105526422e-02
4.437403972510713807e-02
5.092710354116515570e-02
5.385538453327080172e-02
5.149374570458515460e-02
4.558281105526434951e-02
3.919151602290974618e-02
3.489212122848519421e-02
3.377495921988007965e-02
3.502511543159870372e-02
3.664862421019889765e-02
3.730936198306825796e-02
3.726136930243814649e-02
3.751965496066544253e-02
3.858585008958767548e-02
3.978081362198184617e-02
3.961793900182596084e-02
3.709118606787272648e-02
3.263963931184812872e-02
2.783989715224430284e-02
2.440716981113498496e-02
2.329651128061631382e-02
2.419870450473491155e-02
2.579978714584774818e-02
2.682356630651700630e-02
2.690016464025271267e-02
2.648388141313788233e-02
2.613907757565432644e-02
2.589540137330786571e-02
2.519388155898014126e-02
2.349487962165415153e-02
2.090639789250875458e-02
1.818938758517375798e-02
1.623077437740557891e-02
1.541291055245732830e-02
1.530997995385945804e-02
1.505999420470769019e-02
1.415739478220531984e-02
1.290426989994466513e-02
1.220512959007433174e-02
1.295337549176120255e-02
1.538834241128703151e-02
1.890501987886769944e-02
2.252959737366202683e-02
2.552532017056431679e-02
2.753441568867551204e-02
2.835603827904992907e-02
2.779429433589732101e-02
2.576605731137806068e-02
2.248262442174614809e-02
1.848675151706977854e-02
1.459314330183953887e-02
1.178981500143188969e-02
1.094502717830771361e-02
1.230567443520044074e-02
1.522276253439917848e-02
1.842388392491808163e-02
2.055848078780603966e-02
2.073453711998417270e-02
1.902414917190626067e-02
1.664293238479996884e-02
1.538009695405877231e-02
1.659121376344261517e-02
2.050538792019197462e-02
2.608797927068248410e-02
3.145733940559586328e-02
3.495424186466714739e-02
3.630614867406289914e-02
3.678034501606231715e-02
3.826084635621340019e-02
4.215363322041734001e-02
4.869294831068685797e-02
5.695712396229128671e-02
6.569747937647042735e-02
7.419764364149300517e-02
8.226937933883861354e-02
8.960827769788726194e-02
9.535288451948359389e-02
9.843034180561105462e-02
9.846522623922526751e-02
9.628402250050284439e-02
9.361325957515628793e-02
9.254721056603393281e-02
9.509738410809269460e-02
1.026316808196557628e-01
1.155084981221737028e-01
1.335528738490964484e-01
1.568526167439620866e-01
1.854559628669234794e-01
2.176060357587517868e-01
2.485451242385872672e-01
2.730663636543840811e-01
2.899877314856224575e-01
3.025148641859886078e-01
3.146603132710089623e-01
3.279264052552263164e-01
3.396250421988085688e-01
3.430729341967747592e-01
3.303795434570604983e-01
2.975131368103191010e-01
2.497446400741874517e-01
2.029237216191107085e-01
1.739804248127910791e-01
1.666306873743578776e-01
1.710780965915727758e-01
1.763581727124872156e-01
1.790925441766945125e-01
1.839899528270782791e-01
1.983453606680188330e-01
2.246849130943632811e-01
2.587327181197405790e-01
2.938368236301211467e-01
3.252194226400909050e-01
3.502567737429356232e-01
3.661823113831081944e-01
3.695063407987089210e-01
3.594969572213491116e-01
3.392585034178113856e-01
3.137472659528677821e-01
2.901862672927989495e-01
2.778292730989065373e-01
2.797471464022891485e-01
2.843054440759621992e-01
2.768285930077140078e-01
2.547635120070309567e-01
2.264781997453578499e-01
2.056903727216647659e-01
2.034222849284529899e-01
2.123246498235260848e-01
2.106944726045487382e-01
1.929976652262396231e-01
1.746238129076237988e-01
1.767867348657276017e-01
2.083539184452219417e-01
2.393850320853803115e-01
2.304366247817642432e-01
1.997176623241866955e-01
1.906837804724969554e-01
2.312624337737216873e-01
3.275426074379843566e-01
