Tr_max: 0.975061340137847
Tg_max: 0.9738921936600355
Tb_max: 0.982129205208678
Tr_mean: 0.7300032255396968
Tg_mean: 0.628327584639004
Tb_mean: 0.7511650234219956
