gamma = 11.051045
gamma = 1.057937
gamma = 0.002022
gamma = 9.823283
