Tr_max: 0.975345845252749
Tg_max: 0.9729812129991667
Tb_max: 0.9697991434716414
Tr_mean: 0.6960132536189209
Tg_mean: 0.6070182064792153
Tb_mean: 0.7504099871242502
