crosstalk_r_g: 11.379397448993643
crosstalk_r_b: 8.68372781215757
crosstalk_g_b: 6.478150335826355
crosstalk_g_r: 30.46213825512741
crosstalk_b_r: 18.038277208659302
crosstalk_b_g: 16.90432459394567
crosstalk_avg: 15.324335942451661
