4.109029203809720365e-01
4.055525778281075522e-01
3.551001902475908745e-01
2.828285281202989609e-01
2.486147815066985234e-01
2.582978521630868718e-01
2.893732292764668035e-01
3.189892322899250954e-01
3.216803977864703401e-01
2.772273259618587837e-01
2.047340661125188199e-01
1.573792470997624204e-01
1.590528753259099204e-01
1.943494645535606968e-01
2.322483835321457468e-01
2.345837757085369735e-01
1.818878535492846060e-01
1.099616337008545580e-01
6.681860425077192078e-02
6.061843819788324816e-02
7.560910215106439458e-02
9.232753524127648714e-02
9.476115568203723194e-02
8.049573359852310594e-02
6.511674670201693382e-02
6.574716962478306670e-02
8.720739306362833287e-02
1.242869824294757786e-01
1.654774644604287415e-01
1.949969043640693289e-01
2.016717422069057852e-01
1.894312453215428182e-01
1.713611201230471892e-01
1.559609623927878108e-01
1.435656164373738386e-01
1.304468282582256222e-01
1.141323301702349136e-01
9.664911041944695969e-02
8.287100140902738110e-02
7.608932463943879343e-02
7.580319530408331785e-02
7.823424445648026471e-02
7.818953189243747770e-02
7.240680928142426143e-02
6.225664387121890991e-02
5.202012485647417028e-02
4.517535686813450163e-02
4.319087095936883364e-02
4.614451395297024250e-02
5.298684964285484827e-02
6.135104321290966306e-02
6.821759767823755427e-02
7.130860095633731466e-02
6.949990631946999231e-02
6.235286659343203947e-02
5.026793547686797536e-02
3.556441520516585852e-02
2.274160412559716321e-02
1.595442212143692237e-02
1.591092550201015851e-02
2.009004794696089141e-02
2.511030679877795241e-02
2.837157700887003864e-02
2.876654781462450322e-02
2.694877439493733109e-02
2.457839266526883407e-02
2.270103374893991943e-02
2.107163645234680707e-02
1.891840972591550887e-02
1.597537843350180231e-02
1.299905261782358448e-02
1.139621225670959387e-02
1.197430427825095685e-02
1.401070272598758590e-02
1.581993026071327677e-02
1.620177779055529191e-02
1.563118505334208305e-02
1.664729005611229745e-02
2.272861588715299058e-02
3.563042870046835564e-02
5.366471655889705483e-02
7.287038638224645204e-02
8.916788018658368398e-02
9.947203106238861059e-02
1.023101819985030025e-01
9.875886436650734013e-02
9.263324619300014606e-02
8.849274395227287038e-02
8.898330169432884518e-02
9.410150348271917320e-02
1.020477847919577657e-01
1.100638959285289431e-01
1.151912639511747521e-01
1.159987762141185680e-01
1.142879574036267387e-01
1.134431091609589687e-01
1.149859376366036828e-01
1.178260839374401375e-01
1.195781793305469853e-01
1.179042513447773888e-01
1.115733719364800092e-01
1.010252453451774557e-01
8.792753363188328397e-02
7.406989577196604335e-02
6.064813005695655207e-02
4.834743867385365990e-02
3.777163027698333952e-02
2.965064053973261865e-02
2.462292141893724154e-02
2.282335317951992432e-02
2.368338773200992509e-02
2.612573697158874012e-02
2.901999448600528844e-02
3.164432291087758420e-02
3.389770385310734296e-02
3.610462473602168293e-02
3.852210853144841934e-02
4.088016513535145530e-02
4.224475986218043794e-02
4.135391002229840685e-02
3.741274158947616169e-02
3.092102895853508088e-02
2.376052308852054026e-02
1.831458397338791080e-02
1.634612511567402893e-02
1.833581456411258886e-02
2.332411926272549840e-02
2.919331322311492782e-02
3.357617169454071154e-02
3.518958730742489244e-02
3.457710311825180211e-02
3.356354994449202434e-02
3.398949856315957446e-02
3.661536539340027457e-02
4.056896569586519036e-02
4.362110899796710350e-02
4.356955197634707067e-02
4.000837277818634213e-02
3.487890439109284785e-02
3.142078728244130509e-02
3.269024323711166441e-02
4.041366664996738634e-02
5.402322974124779825e-02
6.994602122610711625e-02
8.216532076250081251e-02
8.500192259605313105e-02
7.696750417510107856e-02
6.291500323654777849e-02
5.326614318007375642e-02
6.120366268063208437e-02
9.846839851157578039e-02
1.699754123788069227e-01
2.692532064358924559e-01
3.783945990938886172e-01
4.739446559057455266e-01
5.362210947384350446e-01
5.594527691511705925e-01
5.597088574186764864e-01
5.693651476085319629e-01
6.113815531181585605e-01
6.806981283926699655e-01
7.558645498214900948e-01
8.181975994329161450e-01
8.581744378215609981e-01
8.735762771776177660e-01
8.669879875568620164e-01
8.447051873809391376e-01
8.160648794566175424e-01
7.914202383909989535e-01
7.780194459832550091e-01
7.761000122605176132e-01
7.792697530525002358e-01
7.796974703754615543e-01
7.737477589128448630e-01
7.639899077328033972e-01
7.570903779999607064e-01
7.594972391076252327e-01
7.736619193879749057e-01
7.970956172802057260e-01
8.245052585800325406e-01
8.510326300135837574e-01
8.742371326086502137e-01
8.939053526518540016e-01
9.105661306246578546e-01
9.242898610369048029e-01
9.345706451327284725e-01
9.409590858211736020e-01
9.437356756819641479e-01
9.441301640134561746e-01
9.439110425216535871e-01
9.445607187756845935e-01
9.466212652018092255e-01
9.496950496739339220e-01
9.530083512176545923e-01
9.560449300242198634e-01
9.588326760319846320e-01
9.617367127685702011e-01
9.649099749828872197e-01
9.678541117656369597e-01
9.695285624861679219e-01
9.689518860232775310e-01
9.658335575940295570e-01
9.608578200919563050e-01
9.554769422951304714e-01
9.512538237905898697e-01
9.490825917953522595e-01
9.488126344657101807e-01
9.494896312767794333e-01
9.499005877010670007e-01
9.490125932108928186e-01
9.461800798547711500e-01
9.412167787197553981e-01
9.344467092825191612e-01
9.267828444812146182e-01
9.197998267013290929e-01
9.156188129901394746e-01
9.162535396329934967e-01
9.222621274058844243e-01
9.314840695057347020e-01
9.393650747373264442e-01
9.411147539179071098e-01
9.340200051486531319e-01
9.186557069758438665e-01
8.992048777181442798e-01
8.827883538306137146e-01
8.765920661937715019e-01
8.832010923422070059e-01
8.983126122083756604e-01
9.135395879837379107e-01
9.210001821611466521e-01
9.160074591047323578e-01
8.982143141464378200e-01
8.724292453790274404e-01
8.478132810150561527e-01
8.334812068801995544e-01
8.331238026606015978e-01
8.440012428044247894e-01
8.601312084392725987e-01
8.753768227061651253e-01
8.847737608255555886e-01
8.851755132758868383e-01
8.759432880994497683e-01
8.591093414714110477e-01
8.385561968790263832e-01
8.187944849202486441e-01
8.038392638304843185e-01
7.959465091204493969e-01
7.944170619146089241e-01
7.956939084957923569e-01
7.952149592551879254e-01
7.895523780632766053e-01
7.773411011524499203e-01
7.589773978927205622e-01
7.356219026916069881e-01
7.078234987708468262e-01
6.745620976794172163e-01
6.339203448985445410e-01
5.850125908232094440e-01
5.295392218578652832e-01
4.725192110218148778e-01
4.221994069939470351e-01
3.875519008594385251e-01
3.721125499380886770e-01
3.693863801549333581e-01
3.680774289245400954e-01
3.623312384675389519e-01
3.549579313289623062e-01
3.530674989794160279e-01
3.619308719920770190e-01
3.802010996478867311e-01
3.988967503604026188e-01
4.073044835707978484e-01
4.037988853777257914e-01
4.002651867457076018e-01
4.122458190684035184e-01
4.441206008796464988e-01
4.837255349730959497e-01
5.091053676736875255e-01
5.014505660062708037e-01
4.577328508750811986e-01
3.957550852417145992e-01
3.442152941917390185e-01
3.218881805486685788e-01
3.251142295148796713e-01
3.348984382553597539e-01
3.337621587036704862e-01
3.187878321444060914e-01
3.050903884042318603e-01
3.160343350105299098e-01
3.605142568670280934e-01
4.157833865642452942e-01
4.406716453693696467e-01
4.106720727433967877e-01
3.412110184145361602e-01
2.813734589507893569e-01
2.802881784403917775e-01
3.462824697756325953e-01
4.360361339560833160e-01
4.866643224287625635e-01
4.582386160070830439e-01
