4.200163377479371185e-01
3.730791238246229935e-01
2.345999962337426692e-01
1.373821016833060016e-01
1.680356580627661300e-01
2.673891574658313619e-01
3.692059162351880031e-01
4.329875085370666898e-01
4.259534783237366451e-01
3.410665808580226055e-01
2.415628863853457875e-01
2.109580649448111189e-01
2.531833185708635137e-01
3.151383876233520009e-01
3.374027349693615729e-01
2.789099278666299919e-01
1.679884664725724008e-01
1.021415381748779910e-01
1.246844070894443102e-01
1.973558320300386471e-01
2.669595993377588128e-01
2.921929751615042758e-01
2.555070886524832829e-01
1.857404497783794461e-01
1.425547323928389176e-01
1.562404548008847482e-01
2.113755120539917709e-01
2.731445557128699964e-01
3.058809294531175671e-01
2.879267545073473933e-01
2.315341172326998154e-01
1.759250031628671329e-01
1.477470823240916720e-01
1.436618172403245353e-01
1.446026062975762638e-01
1.332559117802188109e-01
1.059043751102457659e-01
7.479311669542249019e-02
5.618308779444551593e-02
5.600220112993824911e-02
6.733049930461147692e-02
7.664149280709622869e-02
7.272901026300922223e-02
5.564738771837038356e-02
3.682828113314103036e-02
2.729654111597119154e-02
2.897763810439227261e-02
3.655319383064111610e-02
4.283415073974962406e-02
4.345607353872937145e-02
3.994825209297372948e-02
3.783184817905282243e-02
4.045432108826681195e-02
4.597775526347822744e-02
4.945871100645003043e-02
4.633249691579321289e-02
3.573551838864690022e-02
2.227503015487393781e-02
1.295595181565545664e-02
1.114016513732080452e-02
1.482007623271964364e-02
1.982311721785730632e-02
2.324992386956451634e-02
2.511783208859879116e-02
2.769464794649657488e-02
3.242021938118912205e-02
3.756179886356537934e-02
3.965218297762142935e-02
3.663096722715445536e-02
2.996718920654802693e-02
2.500629425122062252e-02
2.836021103965443921e-02
4.257855310988976211e-02
6.311668485977572907e-02
8.126640008194184472e-02
8.935379730336570625e-02
8.419986105565861745e-02
6.886969791317036627e-02
5.200972621356596270e-02
4.265702033296514539e-02
4.386248377838748019e-02
5.218720762593589274e-02
6.248555443324912972e-02
7.220782251967902687e-02
8.283875781596529431e-02
9.849017085184721965e-02
1.222482229265288295e-01
1.534330750878986627e-01
1.890326828003114912e-01
2.274693484248931086e-01
2.709668218356792169e-01
3.251337310298248462e-01
3.945009835890204153e-01
4.740843367771923611e-01
5.473071868212260327e-01
5.995513392932523278e-01
6.296570428057612911e-01
6.457768568670088083e-01
6.576354562195365627e-01
6.730524170568980002e-01
6.966183740438606220e-01
7.289376452970205422e-01
7.672529042852700432e-01
8.074566565846382771e-01
8.458367924755164635e-01
8.795973675438117922e-01
9.067524944267010278e-01
9.262193123998039290e-01
9.381568167978308059e-01
9.440021721173658120e-01
9.458953523065398716e-01
9.458324310286722048e-01
9.450818369866835766e-01
9.440874751715370161e-01
9.427675149070856575e-01
9.409709565701496192e-01
9.388429859012511480e-01
9.369760745369604127e-01
9.363425808709883169e-01
9.379751705989648469e-01
9.423701920101996699e-01
9.489030653692683837e-01
9.558393741628163909e-01
9.610985673969741905e-01
9.631854559335597532e-01
9.617438528888772042e-01
9.576927127313441535e-01
9.529454772970483711e-01
9.495251532404959116e-01
9.483279453688975291e-01
9.485376774874665351e-01
9.482902414765039811e-01
9.459673799504936254e-01
9.412478537620012631e-01
9.355215653264321585e-01
9.313310658985902712e-01
9.306784039266576825e-01
9.332465859121206186e-01
9.362278157300275572e-01
9.357497222518649238e-01
9.283898009967576082e-01
9.120641805835892901e-01
8.866662361608252940e-01
8.546178240720346819e-01
8.205734870480951848e-01
7.894051149043938009e-01
7.632138473320355665e-01
7.395755784708222258e-01
7.121223527835119915e-01
6.727263042489035616e-01
6.145261079584098951e-01
5.354973180806325006e-01
4.413952371539247577e-01
3.459881798830277688e-01
2.677770394970095391e-01
2.241975713046981122e-01
2.232975392371719381e-01
2.534114716024889469e-01
2.821679261624560064e-01
2.788763139477131170e-01
2.393041761123728128e-01
1.812216690141899011e-01
1.252110649930333330e-01
8.490508672237462306e-02
6.663821248441789691e-02
7.117955176031366682e-02
9.451051262747420245e-02
1.280697819675030713e-01
1.603523771817634835e-01
1.812783500043851914e-01
1.875311460637845984e-01
1.840644379500059047e-01
1.797030661000607321e-01
1.806759746520229803e-01
1.870369294165405705e-01
1.935115268492131058e-01
1.933941533440616811e-01
1.828350797120490145e-01
1.628434029631967150e-01
1.380273141927524649e-01
1.134781920312690484e-01
9.220023058526979898e-02
7.458603878602036719e-02
5.967148271119680769e-02
4.669349837825993721e-02
3.575254025486557935e-02
2.750507739476254834e-02
2.246668252322770593e-02
2.046545528865598845e-02
2.055317120893509000e-02
2.142002640867418303e-02
2.201350216063716406e-02
2.189870929632474830e-02
2.116525071196128163e-02
2.007794834824641605e-02
1.878891779885734706e-02
1.730529456031924471e-02
1.570298247822215013e-02
1.436413000369478159e-02
1.396409082181609106e-02
1.516213372030836108e-02
1.819992380090712861e-02
2.263846057840328621e-02
2.739830665538821319e-02
3.118281754248998852e-02
3.311781749957258547e-02
3.317830103885959642e-02
3.210730693847182321e-02
3.096002122887508631e-02
3.059670495138979568e-02
3.134070500456454661e-02
3.291440146293926616e-02
3.468135699870724536e-02
3.602705266373396747e-02
3.660043961418286973e-02
3.632549616314629387e-02
3.533074421550737310e-02
3.394443969650027398e-02
3.272196751016177851e-02
3.235675090656429248e-02
3.344193191643421437e-02
3.621066733262942594e-02
4.032936998336372064e-02
4.474599736063899352e-02
4.778440364389062445e-02
4.786324183628919843e-02
4.468850742976143708e-02
3.979936732026811974e-02
3.581578682456887375e-02
3.529248449869838017e-02
4.006378983964801327e-02
5.082727867610924849e-02
6.652124829675451489e-02
8.399776110989252975e-02
9.911061216570130061e-02
1.088329182009992041e-01
1.122823589936928351e-01
1.100518603229791587e-01
1.033788983020528240e-01
9.417190515679760288e-02
8.534930087395639631e-02
8.030536044518303551e-02
8.123704088614601415e-02
8.758798216258789626e-02
9.590332226237549551e-02
1.012869971801601543e-01
1.000577610292736480e-01
9.244990040134182241e-02
8.320594476424197916e-02
7.918529598626843080e-02
8.599252495980506950e-02
1.057565682961678216e-01
1.360827499271317076e-01
1.700073582918359139e-01
1.986342936110516988e-01
2.170188768520512346e-01
2.279825997888677569e-01
2.388384607573664775e-01
2.550462146130759722e-01
2.765376413106761522e-01
2.972807319985604768e-01
3.078628112204576661e-01
3.020879019620710260e-01
2.835073297893929700e-01
2.627812143308576598e-01
2.478113223211294847e-01
2.386519332412748162e-01
2.300730202685296877e-01
2.169115755510112042e-01
1.990667454560108296e-01
1.840428872552510031e-01
1.836068485762665514e-01
2.040535158452422004e-01
2.384862199170607322e-01
2.707870798166632231e-01
2.875732812812616945e-01
2.860183337120526526e-01
2.725770103971576486e-01
2.563072597833950805e-01
2.422533195082679780e-01
2.292190102951426056e-01
2.139651518791897133e-01
1.981604805483954401e-01
1.902545239946284994e-01
1.998225046360614654e-01
2.294781403479676241e-01
2.695181194755058574e-01
2.987647207232458357e-01
2.960623840749868618e-01
2.608564429599967149e-01
2.232854188796502548e-01
2.240511730306708471e-01
2.794582484753647678e-01
3.643646603593922451e-01
4.253080978504218401e-01
4.176910800200007157e-01
3.441154920486234614e-01
2.575055096375330477e-01
2.228583430062598403e-01
2.749071779640940294e-01
