1.690807418710909282e-01
2.213682983472692045e-01
4.102998135186661233e-01
5.797893701963949820e-01
5.833495604305352078e-01
4.743129903710812112e-01
3.414208544883449159e-01
2.480232591730080760e-01
2.523661238897927372e-01
3.817060931801182777e-01
5.537030475021351705e-01
6.316626879554261276e-01
5.877638061032265382e-01
4.905121478230876075e-01
4.303488814984927635e-01
4.865062964248324517e-01
6.501236799781427989e-01
7.878968281242676452e-01
8.084969886597835886e-01
7.420257297720781464e-01
6.574312985111769869e-01
6.154794895972193203e-01
6.497317556654794712e-01
7.337638166230975312e-01
7.923285209051443845e-01
7.780123755743323377e-01
7.014170948823799101e-01
6.025684618576540030e-01
5.286416060864534971e-01
5.170763411285833611e-01
5.667941405603943439e-01
6.346437515155890496e-01
6.808917975528611111e-01
7.003772203668877649e-01
7.118317772650503139e-01
7.362972599615552616e-01
7.799632947195193067e-01
8.285577728851307722e-01
8.609459107965270475e-01
8.679084742306231171e-01
8.568663053913050387e-01
8.451242627364237148e-01
8.490814578445530225e-01
8.719458030002051885e-01
9.009150749956398307e-01
9.206833340275550892e-01
9.258470050274726360e-01
9.202559352099903833e-01
9.110213353072795783e-01
9.035570768184155721e-01
8.987007046941167809e-01
8.939505541427096302e-01
8.882370779553958595e-01
8.845223384170516345e-01
8.881884224001177497e-01
9.033995676073388603e-01
9.287000664061870747e-01
9.549833657195287984e-01
9.710896260629078292e-01
9.729489093606691341e-01
9.650898758203192429e-01
9.550665759833647517e-01
9.483784991215652438e-01
9.461156200967770769e-01
9.453565776585661773e-01
9.430013879535419363e-01
9.397371673874949094e-01
9.392761805700319266e-01
9.444506230469303931e-01
9.540574323599498863e-01
9.619946531309558901e-01
9.602435767036364700e-01
9.454471426118586930e-01
9.228726124142366816e-01
9.029136696573453191e-01
8.944444249060790053e-01
9.001689538909992683e-01
9.144830120307174681e-01
9.252616578992807206e-01
9.217125509665664573e-01
9.024727996627154303e-01
8.749424059918174956e-01
8.483465653801672834e-01
8.283201464179325013e-01
8.148510601855308844e-01
8.027509647816450933e-01
7.851185308804710106e-01
7.580741809598280367e-01
7.219840155053592889e-01
6.784291480923877460e-01
6.269853933723633643e-01
5.648023730416464883e-01
4.903077524598045134e-01
4.099168870086885574e-01
3.384048557751467845e-01
2.870055515457887174e-01
2.553570195576353452e-01
2.363970591955510681e-01
2.227863644499164519e-01
2.090433315983241114e-01
1.918082540196596741e-01
1.700371093578020298e-01
1.448195620828462149e-01
1.184734476433959433e-01
9.351507746752693584e-02
7.205519378233418704e-02
5.547587529631656939e-02
4.413004706046309150e-02
3.722026178323168538e-02
3.317447470311404856e-02
3.042125996145015471e-02
2.804183199973946106e-02
2.589816852731136043e-02
2.426820191758528866e-02
2.333478123980727709e-02
2.292441869382848621e-02
2.263490556730026956e-02
2.214376032768786487e-02
2.141265926683092596e-02
2.067091937873690582e-02
2.021706640032444255e-02
2.017590567219628220e-02
2.040010274866341927e-02
2.058684862963802362e-02
2.046841895076649542e-02
1.992033254701031791e-02
1.898316800593045570e-02
1.786120947983701329e-02
1.689867506496377236e-02
1.648246732367782824e-02
1.688521939428179811e-02
1.814620857900354697e-02
2.004312148634623120e-02
2.213678084459784826e-02
2.390946897770264076e-02
2.504782510344196605e-02
2.575204409699524341e-02
2.674504130969308779e-02
2.889327987887982049e-02
3.282949046569378498e-02
3.891995576613035968e-02
4.752215276644335129e-02
5.931053409792697712e-02
7.543615470185824345e-02
9.726119218940376676e-02
1.255929624995534011e-01
1.598186484928632300e-01
1.975094182926295794e-01
2.346115040364140092e-01
2.660700330704647287e-01
2.870054935300140331e-01
2.945272695405605767e-01
2.893515564101824533e-01
2.756172210230835584e-01
2.582783045972446567e-01
2.395813339568669820e-01
2.172496916116573307e-01
1.868796709788342336e-01
1.484669262290124192e-01
1.097421329341282531e-01
7.999769549495726328e-02
6.291378116431964318e-02
5.659133557405082726e-02
5.692047545606443437e-02
5.978551033796424691e-02
6.183246068282449021e-02
6.078429999158655589e-02
5.586533857587972635e-02
4.822738442723745883e-02
4.070220401236020885e-02
3.636884167569776061e-02
3.666580899749384559e-02
4.059946352447767193e-02
4.557626643513209425e-02
4.897316285065596991e-02
4.939809515082604213e-02
4.710860754831293351e-02
4.350300089997592712e-02
4.006097975659749649e-02
3.746742722721504992e-02
3.548917795514740930e-02
3.356263680607975142e-02
3.150860856212566591e-02
2.976238666414529610e-02
2.901664058483530845e-02
2.967681461240583018e-02
3.153583678406386703e-02
3.379764179480801434e-02
3.540438069788783698e-02
3.553578626941129165e-02
3.401925481564111592e-02
3.136523263755354451e-02
2.840624102974119089e-02
2.582639807038402194e-02
2.387712162753377609e-02
2.237840616915785438e-02
2.095799267111041198e-02
1.938704253889067183e-02
1.778175823066838537e-02
1.650734669201592980e-02
1.588598025641418249e-02
1.596651860506317563e-02
1.650371932964038793e-02
1.712475104948122176e-02
1.756335866692019382e-02
1.779959070507488098e-02
1.800906449543006674e-02
1.840306178474874696e-02
1.913939107005810381e-02
2.039070183771726427e-02
2.247921514066422710e-02
2.586881981730540167e-02
3.087193371877365589e-02
3.719010285505140040e-02
4.359973368448783609e-02
4.805569084671425933e-02
4.841571615149937308e-02
4.379343289761541969e-02
3.579396298410333216e-02
2.827817435610906552e-02
2.544331416565880077e-02
2.976932751871748037e-02
4.101492304079249612e-02
5.604912492121664341e-02
6.942724252549554997e-02
7.554469196993940372e-02
7.211040022803162641e-02
6.188802047135637252e-02
5.064462519169317389e-02
4.370733334015507870e-02
4.392875105561964977e-02
5.095840717745286214e-02
6.104950632421794754e-02
6.818895787505140083e-02
6.740818095409924215e-02
5.804327913839930214e-02
4.371639820188245179e-02
2.981693123774854792e-02
2.124427899178188764e-02
2.105433401764682591e-02
2.947518585015679315e-02
4.375135145536716841e-02
5.965361764244298676e-02
7.385582095838572059e-02
8.530219281737559667e-02
9.487373898935561045e-02
1.039957298502769412e-01
1.131330376840493646e-01
1.211001467399656500e-01
1.255997447585436300e-01
1.244550969769183391e-01
1.169023305513823274e-01
1.049398521801478551e-01
9.437073901655661234e-02
9.354220761810157214e-02
1.084190254685313270e-01
1.380970553125879241e-01
1.761489484194235788e-01
2.154145635290586336e-01
2.509431476675086925e-01
2.805198610074925436e-01
3.045852879201034202e-01
3.257995480998403526e-01
3.471062900556734498e-01
3.691413567446025779e-01
3.898574392113318132e-01
4.063901354297627111e-01
4.168594807520541456e-01
4.211575524569117768e-01
4.207321548961027169e-01
4.170603623843467944e-01
4.090886678529355724e-01
3.921475987770317029e-01
3.612485933372318048e-01
3.169671011149336470e-01
2.683061178390915846e-01
2.302561313148514810e-01
2.183176219291547149e-01
2.422421742103343378e-01
3.000138296166511287e-01
3.750259044631434335e-01
4.418195539290713514e-01
4.799513389029358423e-01
4.846312464904920514e-01
4.652790571085788640e-01
4.367597009483617509e-01
4.116940483800881623e-01
3.961448908725225260e-01
3.879032809144828953e-01
3.786293001729750252e-01
3.609311945561043955e-01
3.352771815999592842e-01
3.098696787812385556e-01
2.944243212260715392e-01
2.933184431987884699e-01
3.020207415396076733e-01
3.096020381757441653e-01
3.064583564063836918e-01
2.904773345649772631e-01
2.668542060288225382e-01
