Tr_max: 0.9753458452527495
Tg_max: 0.9729812129991666
Tb_max: 0.9697991434716416
Tr_mean: 0.6960132536189209
Tg_mean: 0.6070182064792152
Tb_mean: 0.7504099871242502
