crosstalk_r_g: 0.15553721145278998
crosstalk_r_b: 0.12267938757393311
crosstalk_g_b: 0.15734558152756095
crosstalk_g_r: 0.20571886113135687
crosstalk_b_r: 0.16401069117937273
crosstalk_b_g: 0.12483033171928683
crosstalk_avg: 0.1550203440973834
