max_contrast: 0.9600711317700803
max_contrast_wavelength: 0.6481049562682216
