crosstalk_r_g: 0.17241511286354005
crosstalk_r_b: 0.13157163351753895
crosstalk_g_b: 0.06891649293432292
crosstalk_g_r: 0.3240653005864619
crosstalk_b_r: 0.1288448372047093
crosstalk_b_g: 0.1207451756710405
crosstalk_avg: 0.15775975879626894
