Tr_max: 0.9750613401378471
Tg_max: 0.9738921936600358
Tb_max: 0.982129205208678
Tr_mean: 0.7300032255396967
Tg_mean: 0.628327584639004
Tb_mean: 0.7511650234219956
